US##1##1&& [1, 0, 0, 0, 0, 0, 1, 1, 2, 3, 2, 0, 0, 1, 0, 0]
US##1##0&& [1, 0, 0, 0, 0, 0, 0, 1, 2, 0, 2, 0, 0, 1, 0, 0]
Paris##1##1&& [1, 1, 0, 0, 0, 1, 0, 1, 3, 0, 2, 0, 0, 1, 0, 0]
LVMH##0##1&& [1, 1, 0, 0, 0, 0, 1, 1, 1, 0, 0, 0, 0, 0, 0, 0]
Florida##1##1&& [1, 1, 0, 0, 0, 1, 0, 1, 3, 0, 2, 0, 0, 0, 0, 0]
US##1##1&& [1, 1, 0, 0, 0, 0, 0, 1, 3, 1, 0, 0, 0, 1, 0, 0]
US##1##1&& [1, 0, 0, 0, 0, 0, 2, 1, 2, 1, 2, 0, 0, 1, 0, 0]
Mississippi##1##0&& [1, 1, 0, 0, 0, 0, 1, 0, 2, 3, 0, 0, 0, 0, 0, 0]
US##1##1&& [1, 0, 0, 0, 0, 0, 4, 1, 2, 1, 2, 0, 0, 1, 0, 0]
Iraq##1##0&& [1, 1, 0, 0, 0, 0, 1, 1, 0, 0, 2, 0, 0, 0, 0, 0]
Afghanistan##1##1&& [1, 0, 0, 0, 1, 1, 0, 1, 0, 2, 0, 0, 1, 0, 0, 0]
US##1##1&& [1, 1, 0, 0, 0, 0, 0, 1, 0, 0, 0, 0, 0, 1, 0, 0]
US##1##1&& [1, 1, 0, 0, 0, 0, 0, 1, 2, 1, 2, 0, 0, 1, 0, 0]
US##1##1&& [1, 0, 0, 0, 0, 0, 4, 1, 2, 0, 0, 0, 0, 1, 0, 0]
Nigeria##1##1&& [1, 1, 0, 0, 0, 0, 1, 1, 1, 4, 0, 0, 0, 0, 0, 0]
Nigerian-owned##0##1&& [1, 0, 0, 0, 0, 0, 3, 0, 0, 2, 2, 0, 0, 0, 0, 0]
Italy##1##1&& [1, 1, 0, 0, 0, 0, 1, 0, 0, 0, 0, 0, 0, 0, 0, 0]
US##1##1&& [1, 0, 0, 0, 0, 0, 3, 1, 0, 0, 0, 0, 0, 1, 0, 0]
US##1##1&& [1, 1, 0, 0, 0, 0, 0, 1, 0, 1, 4, 0, 0, 1, 0, 0]
US##1##1&& [1, 0, 0, 0, 0, 0, 0, 1, 2, 1, 3, 0, 0, 1, 0, 0]
AMR##0##1&& [1, 1, 0, 0, 0, 1, 0, 1, 4, 0, 0, 1, 0, 0, 0, 0]
UK##1##1&& [1, 1, 0, 0, 0, 1, 0, 1, 4, 1, 2, 0, 0, 1, 0, 0]
England##1##0&& [1, 1, 0, 0, 1, 0, 1, 1, 0, 2, 2, 0, 0, 0, 0, 0]
Wales##1##1&& [1, 0, 0, 0, 0, 0, 0, 1, 3, 2, 0, 0, 0, 0, 0, 0]
July-September##0##1&& [1, 1, 0, 0, 0, 1, 1, 1, 0, 0, 0, 0, 1, 0, 0, 0]
Wales##1##1&& [1, 1, 0, 0, 0, 0, 1, 1, 0, 3, 2, 0, 0, 0, 0, 0]
London##0##1&& [1, 0, 0, 0, 0, 0, 2, 1, 3, 1, 1, 0, 0, 1, 0, 0]
London##0##1&& [1, 1, 0, 0, 0, 0, 0, 1, 3, 1, 1, 1, 0, 1, 0, 0]
Spain##1##1&& [1, 1, 0, 0, 0, 1, 1, 1, 4, 0, 3, 0, 0, 0, 0, 0]
Spain##1##1&& [1, 1, 0, 0, 0, 1, 1, 1, 4, 2, 4, 0, 0, 0, 0, 0]
Madrid##1##1&& [1, 1, 0, 0, 0, 1, 1, 0, 0, 3, 2, 0, 0, 0, 0, 0]
Spain##1##1&& [1, 0, 0, 0, 0, 1, 2, 1, 4, 2, 4, 0, 0, 0, 0, 0]
Spain##1##0&& [1, 1, 0, 0, 0, 1, 1, 1, 4, 3, 2, 0, 0, 0, 0, 0]
US##1##1&& [1, 1, 0, 0, 0, 0, 1, 1, 2, 0, 2, 0, 0, 1, 0, 0]
Germany##1##1&& [1, 1, 0, 0, 0, 0, 1, 1, 1, 2, 0, 0, 0, 0, 0, 0]
Germany##1##1&& [1, 1, 0, 0, 0, 1, 0, 1, 4, 2, 4, 1, 0, 0, 0, 0]
France##1##0&& [1, 1, 0, 0, 0, 0, 1, 1, 0, 1, 2, 0, 0, 0, 0, 0]
UK##1##1&& [1, 1, 0, 0, 0, 0, 0, 1, 0, 2, 0, 0, 0, 1, 0, 0]
Japan##1##1&& [1, 1, 0, 0, 0, 0, 1, 1, 3, 2, 3, 0, 0, 0, 0, 0]
Tokyo##1##1&& [1, 1, 0, 0, 0, 0, 1, 1, 1, 0, 0, 0, 0, 0, 0, 0]
Riyadh##1##0&& [1, 1, 0, 0, 0, 1, 1, 1, 0, 3, 2, 0, 1, 0, 0, 0]
US##1##1&& [1, 0, 0, 0, 0, 0, 0, 1, 2, 2, 0, 0, 0, 1, 0, 0]
Chicago##1##1&& [1, 1, 0, 0, 0, 1, 1, 1, 0, 2, 2, 0, 1, 0, 0, 0]
Louisiana##1##1&& [1, 1, 0, 0, 0, 1, 1, 1, 0, 2, 2, 0, 1, 0, 0, 0]
US##1##1&& [1, 1, 0, 0, 0, 0, 0, 1, 2, 2, 2, 1, 0, 1, 0, 0]
US##1##1&& [1, 1, 0, 0, 0, 0, 0, 1, 2, 2, 2, 0, 0, 1, 0, 0]
US##1##1&& [1, 0, 0, 0, 0, 0, 1, 1, 0, 2, 0, 0, 0, 1, 0, 0]
Iraq##1##0&& [1, 1, 0, 0, 0, 0, 1, 1, 0, 0, 2, 0, 0, 0, 0, 0]
Afghanistan##1##1&& [1, 0, 0, 0, 1, 1, 0, 1, 0, 2, 0, 0, 1, 0, 0, 0]
Iraq##1##1&& [1, 0, 0, 0, 0, 0, 3, 1, 4, 1, 0, 0, 0, 0, 0, 0]
India##1##1&& [1, 1, 0, 0, 0, 1, 0, 0, 4, 2, 2, 0, 0, 1, 0, 0]
India##1##1&& [1, 0, 0, 0, 0, 1, 2, 0, 4, 0, 4, 0, 0, 1, 0, 0]
India##1##1&& [1, 1, 0, 0, 0, 1, 1, 0, 4, 2, 4, 0, 0, 1, 0, 0]
India##1##1&& [1, 1, 0, 0, 0, 0, 1, 0, 0, 2, 3, 0, 0, 1, 0, 0]
Japan##1##0&& [1, 0, 0, 0, 0, 1, 1, 1, 4, 4, 2, 0, 0, 0, 0, 0]
Korea##0##1&& [1, 0, 0, 0, 0, 1, 2, 1, 4, 3, 4, 0, 0, 0, 0, 0]
France##1##0&& [1, 0, 0, 0, 0, 0, 1, 1, 0, 2, 2, 0, 0, 0, 0, 0]
Germany##1##0&& [1, 0, 0, 0, 0, 0, 0, 1, 1, 2, 3, 0, 0, 0, 0, 0]
France##1##1&& [1, 0, 0, 0, 0, 0, 1, 1, 0, 3, 2, 0, 0, 0, 0, 0]
Germany##1##1&& [1, 0, 0, 0, 0, 0, 0, 1, 3, 2, 0, 0, 0, 0, 0, 0]
France##1##0&& [1, 1, 0, 0, 0, 0, 0, 1, 0, 1, 2, 1, 0, 0, 0, 0]
Germany##1##0&& [1, 0, 0, 0, 0, 0, 0, 1, 0, 2, 3, 0, 0, 0, 0, 0]
EU##1##0&& [1, 0, 0, 0, 0, 0, 3, 1, 0, 0, 0, 0, 0, 0, 0, 0]
France##1##0&& [1, 0, 0, 0, 0, 0, 3, 1, 0, 0, 2, 0, 0, 0, 0, 0]
Germany##1##0&& [1, 0, 0, 0, 0, 0, 0, 1, 1, 2, 0, 0, 0, 0, 0, 0]
EU##1##0&& [1, 1, 0, 0, 0, 0, 0, 1, 3, 0, 0, 0, 0, 0, 0, 0]
GDP##0##1&& [1, 1, 0, 0, 0, 0, 1, 1, 4, 0, 2, 0, 0, 0, 0, 0]
France##1##1&& [1, 0, 0, 0, 0, 1, 1, 1, 4, 2, 3, 0, 0, 0, 0, 0]
Germany##1##1&& [1, 1, 0, 0, 0, 0, 1, 1, 4, 0, 2, 0, 0, 0, 0, 0]
France##1##1&& [1, 1, 0, 0, 0, 1, 1, 1, 0, 0, 2, 0, 1, 0, 0, 0]
Berlin##1##0&& [1, 1, 0, 0, 0, 0, 0, 1, 3, 2, 0, 1, 0, 0, 0, 0]
Eichel##0##1&& [1, 0, 0, 0, 0, 0, 0, 1, 3, 2, 0, 0, 0, 0, 0, 0]
Germany##1##1&& [1, 0, 0, 0, 0, 1, 3, 1, 4, 2, 4, 0, 0, 0, 0, 0]
Paris##1##0&& [1, 0, 0, 0, 0, 0, 0, 1, 3, 0, 4, 0, 0, 1, 0, 0]
Germany##1##0&& [1, 1, 0, 0, 0, 0, 1, 1, 0, 2, 2, 0, 0, 0, 0, 0]
France##1##0&& [1, 0, 0, 0, 0, 0, 0, 1, 2, 2, 2, 0, 0, 0, 0, 0]
Greece##1##0&& [1, 0, 0, 0, 0, 0, 1, 1, 0, 2, 3, 0, 0, 0, 0, 0]
h##0##1&& [0, 1, 0, 0, 0, 1, 0, 1, 3, 2, 0, 1, 0, 0, 0, 0]
India##1##1&& [1, 1, 0, 0, 0, 1, 0, 0, 4, 2, 2, 0, 0, 1, 0, 0]
Avions##0##1&& [1, 1, 0, 0, 0, 0, 1, 1, 2, 0, 2, 0, 0, 0, 0, 0]
India##1##1&& [1, 0, 0, 0, 0, 1, 0, 0, 4, 0, 4, 0, 0, 1, 0, 0]
ATR##0##1&& [1, 0, 0, 0, 0, 1, 2, 1, 4, 2, 4, 0, 0, 0, 0, 0]
Bangalore##1##1&& [1, 1, 0, 0, 0, 1, 1, 1, 0, 2, 2, 0, 1, 0, 0, 0]
European##0##1&& [1, 0, 0, 0, 0, 0, 1, 1, 0, 2, 4, 0, 0, 0, 0, 0]
Ireland##1##0&& [1, 1, 0, 0, 1, 1, 1, 1, 4, 4, 2, 0, 0, 0, 0, 0]
UK##1##1&& [1, 0, 0, 0, 0, 0, 1, 1, 0, 0, 2, 0, 0, 1, 0, 0]
India##1##1&& [1, 1, 0, 0, 0, 1, 0, 0, 4, 2, 2, 0, 0, 1, 0, 0]
US##1##1&& [1, 1, 0, 0, 0, 0, 0, 1, 2, 0, 3, 0, 0, 1, 0, 0]
US##1##1&& [1, 1, 0, 0, 0, 0, 0, 1, 2, 1, 2, 0, 0, 1, 0, 0]
US##1##1&& [1, 1, 0, 0, 0, 0, 0, 1, 2, 1, 0, 0, 0, 1, 0, 0]
Chicago##1##1&& [1, 1, 0, 0, 0, 0, 1, 1, 3, 0, 0, 0, 0, 0, 0, 0]
US##1##1&& [1, 1, 0, 0, 0, 0, 0, 1, 2, 3, 4, 0, 0, 1, 0, 0]
Chicago##1##0&& [1, 1, 0, 0, 0, 0, 0, 1, 2, 1, 2, 0, 0, 0, 0, 0]
London##1##1&& [1, 1, 0, 0, 0, 0, 1, 1, 1, 0, 0, 0, 0, 1, 0, 0]
US##1##1&& [1, 1, 0, 0, 0, 0, 0, 1, 2, 2, 3, 0, 0, 1, 0, 0]
Asia##1##1&& [1, 1, 0, 0, 0, 1, 1, 0, 0, 2, 0, 0, 0, 0, 0, 0]
US##1##1&& [1, 1, 0, 0, 0, 0, 0, 1, 2, 1, 0, 0, 0, 1, 0, 0]
US##1##1&& [1, 1, 0, 0, 0, 0, 0, 1, 2, 1, 0, 0, 0, 1, 0, 0]
Chicago##1##1&& [1, 1, 0, 0, 0, 0, 1, 1, 3, 0, 0, 0, 0, 0, 0, 0]
Jakarta##1##1&& [1, 0, 0, 0, 0, 0, 3, 1, 0, 2, 0, 0, 0, 0, 0, 0]
Jakarta##1##0&& [1, 1, 0, 0, 0, 1, 1, 1, 3, 2, 3, 0, 0, 0, 0, 0]
Indonesia##1##1&& [1, 1, 0, 0, 0, 0, 1, 1, 3, 3, 0, 0, 0, 1, 0, 0]
Indonesia##1##1&& [1, 1, 0, 0, 0, 0, 1, 1, 0, 3, 2, 0, 0, 1, 0, 0]
Banda##1##0&& [1, 0, 0, 0, 0, 0, 1, 1, 2, 0, 2, 0, 0, 0, 0, 0]
Aceh##1##0&& [1, 0, 0, 0, 0, 0, 2, 1, 2, 1, 0, 0, 0, 0, 0, 0]
India##1##1&& [1, 1, 0, 0, 0, 0, 1, 0, 0, 2, 3, 0, 0, 1, 0, 0]
India##1##1&& [1, 1, 0, 0, 0, 1, 1, 0, 4, 2, 2, 0, 0, 1, 0, 0]
VW##0##1&& [1, 1, 0, 0, 0, 0, 1, 1, 0, 2, 3, 0, 0, 0, 0, 0]
Asia##1##1&& [1, 1, 0, 0, 0, 1, 1, 0, 4, 0, 4, 0, 0, 0, 0, 0]
VW##0##1&& [1, 1, 0, 0, 0, 1, 0, 1, 4, 2, 3, 1, 0, 0, 0, 0]
Visakhapatnam##1##1&& [1, 1, 0, 0, 0, 0, 1, 1, 1, 2, 0, 0, 0, 0, 0, 0]
India##1##1&& [1, 0, 0, 0, 0, 1, 1, 0, 4, 2, 4, 0, 0, 1, 0, 0]
Halifax##1##0&& [1, 0, 0, 0, 1, 0, 3, 1, 2, 3, 2, 0, 0, 0, 0, 0]
UK##1##1&& [1, 0, 0, 0, 0, 0, 2, 1, 2, 3, 0, 0, 0, 1, 0, 0]
Halifax##1##1&& [1, 1, 0, 0, 1, 1, 0, 1, 3, 2, 3, 0, 0, 0, 0, 0]
UK##1##1&& [1, 1, 0, 0, 0, 1, 0, 1, 4, 0, 4, 0, 0, 1, 0, 0]
UK##1##1&& [1, 1, 0, 0, 0, 0, 0, 1, 0, 1, 3, 0, 0, 1, 0, 0]
Halifax##1##1&& [1, 0, 0, 0, 1, 0, 0, 1, 3, 1, 0, 0, 0, 0, 0, 0]
UK##1##1&& [1, 1, 0, 0, 0, 0, 0, 1, 2, 1, 2, 0, 0, 1, 0, 0]
England##1##1&& [1, 1, 0, 0, 1, 0, 1, 1, 3, 2, 1, 0, 0, 0, 0, 0]
UK##1##0&& [1, 1, 0, 0, 0, 1, 0, 1, 3, 1, 3, 0, 0, 1, 0, 0]
UK##1##1&& [1, 1, 0, 0, 0, 0, 1, 1, 2, 2, 0, 0, 0, 1, 0, 0]
Halifax##1##1&& [1, 0, 0, 0, 1, 1, 3, 1, 4, 0, 0, 0, 0, 0, 0, 0]
Halifax##1##0&& [1, 1, 0, 0, 1, 0, 0, 1, 2, 1, 2, 0, 0, 0, 0, 0]
Halifax##1##0&& [1, 1, 0, 0, 1, 0, 0, 1, 2, 2, 3, 0, 0, 0, 0, 0]
Halifax##1##0&& [1, 0, 0, 0, 1, 0, 2, 1, 4, 2, 2, 0, 0, 0, 0, 0]
England##1##0&& [1, 1, 0, 0, 1, 0, 1, 1, 3, 4, 1, 0, 0, 0, 0, 0]
West##0##1&& [1, 0, 0, 0, 0, 0, 2, 0, 0, 0, 2, 0, 0, 0, 0, 0]
Yorkshire##1##0&& [1, 0, 0, 0, 1, 0, 0, 1, 0, 4, 0, 0, 0, 0, 0, 0]
London##1##1&& [1, 0, 0, 0, 0, 0, 0, 1, 3, 2, 1, 0, 0, 1, 0, 0]
Wales##1##1&& [1, 1, 0, 0, 0, 0, 1, 1, 0, 3, 0, 0, 0, 0, 0, 0]
Halifax##1##1&& [1, 0, 0, 0, 1, 0, 4, 1, 3, 0, 0, 0, 0, 0, 0, 0]
Halifax##1##1&& [1, 0, 0, 0, 1, 0, 0, 1, 3, 0, 0, 0, 0, 0, 0, 0]
Venezuela##1##1&& [1, 0, 0, 0, 0, 1, 0, 1, 4, 2, 4, 0, 0, 0, 0, 0]
Agroflora##0##1&& [1, 0, 0, 0, 0, 0, 1, 1, 0, 3, 2, 0, 0, 0, 0, 0]
UK##1##1&& [1, 1, 0, 0, 0, 0, 0, 1, 2, 1, 2, 0, 0, 1, 0, 0]
UK##1##1&& [1, 1, 0, 0, 0, 1, 0, 1, 2, 0, 3, 0, 0, 1, 0, 0]
December##0##1&& [1, 0, 0, 0, 0, 0, 4, 1, 3, 1, 4, 0, 0, 0, 1, 0]
US##1##1&& [1, 1, 0, 0, 0, 0, 0, 1, 2, 0, 1, 0, 0, 1, 0, 0]
US##1##1&& [1, 1, 0, 0, 0, 0, 0, 1, 2, 0, 2, 1, 0, 1, 0, 0]
US##1##1&& [1, 1, 0, 0, 0, 0, 0, 1, 2, 2, 2, 0, 0, 1, 0, 0]
US##1##1&& [1, 1, 0, 0, 0, 0, 0, 1, 0, 0, 2, 0, 0, 1, 0, 0]
China##1##1&& [1, 0, 0, 0, 0, 0, 1, 0, 0, 2, 3, 0, 0, 1, 0, 0]
US##1##1&& [1, 1, 0, 0, 0, 0, 0, 1, 3, 0, 0, 0, 0, 1, 0, 0]
China##1##1&& [1, 1, 0, 0, 0, 0, 1, 0, 1, 0, 2, 0, 0, 1, 0, 0]
China##1##1&& [1, 0, 0, 0, 0, 0, 1, 0, 3, 2, 4, 0, 0, 1, 0, 0]
China##1##1&& [1, 0, 0, 0, 0, 0, 1, 0, 0, 0, 3, 0, 0, 1, 0, 0]
UK##1##1&& [1, 1, 0, 0, 0, 0, 0, 1, 2, 0, 0, 1, 0, 1, 0, 0]
UK##1##1&& [1, 0, 0, 0, 0, 0, 2, 1, 2, 1, 0, 0, 0, 1, 0, 0]
UK##1##1&& [1, 1, 0, 0, 0, 0, 0, 1, 2, 1, 2, 0, 0, 1, 0, 0]
UK##1##0&& [1, 1, 0, 0, 0, 1, 0, 1, 3, 1, 3, 0, 0, 1, 0, 0]
Halifax##1##0&& [1, 1, 0, 0, 1, 0, 0, 1, 2, 0, 3, 0, 0, 0, 0, 0]
UK##1##1&& [1, 1, 0, 0, 0, 1, 0, 1, 4, 0, 4, 0, 0, 1, 0, 0]
England##1##0&& [1, 1, 0, 0, 1, 0, 1, 1, 0, 0, 1, 0, 0, 0, 0, 0]
Wales##1##1&& [1, 1, 0, 0, 0, 0, 1, 1, 0, 0, 1, 0, 0, 0, 0, 0]
Scotland##1##0&& [1, 1, 0, 0, 1, 0, 1, 1, 0, 0, 0, 0, 0, 0, 0, 0]
Northern##1##0&& [1, 1, 0, 0, 0, 0, 1, 1, 2, 0, 0, 0, 0, 0, 0, 0]
Ireland##1##0&& [1, 0, 0, 0, 1, 1, 2, 1, 0, 1, 0, 0, 1, 0, 0, 0]
Northern##1##0&& [1, 0, 0, 0, 0, 0, 1, 1, 2, 1, 0, 0, 0, 0, 0, 0]
Ireland##1##0&& [1, 0, 0, 0, 1, 0, 2, 1, 0, 1, 0, 0, 0, 0, 0, 0]
ODPM##0##1&& [1, 1, 0, 0, 0, 0, 0, 1, 3, 4, 0, 0, 0, 0, 0, 0]
Yorkshire##1##0&& [1, 0, 0, 0, 1, 0, 1, 1, 0, 3, 0, 0, 0, 0, 0, 0]
London##1##1&& [1, 1, 0, 0, 0, 0, 1, 1, 0, 0, 2, 0, 0, 1, 0, 0]
Madagascar##1##0&& [1, 1, 0, 0, 0, 0, 0, 1, 3, 2, 2, 1, 0, 0, 0, 0]
Madagascar##1##0&& [1, 0, 0, 0, 0, 1, 2, 1, 3, 2, 3, 0, 0, 0, 0, 0]
US##1##1&& [1, 1, 0, 0, 0, 0, 0, 1, 2, 0, 0, 0, 0, 1, 0, 0]
US##1##1&& [1, 1, 0, 0, 0, 0, 0, 1, 4, 2, 2, 0, 0, 1, 0, 0]
Monsanto##0##1&& [1, 1, 0, 0, 0, 0, 1, 1, 3, 2, 0, 0, 0, 0, 0, 0]
Indonesia##1##1&& [1, 1, 0, 0, 0, 1, 1, 1, 4, 2, 2, 0, 0, 1, 0, 0]
Indonesia##1##1&& [1, 1, 0, 0, 0, 1, 1, 1, 0, 2, 0, 0, 1, 1, 0, 0]
US##1##1&& [1, 0, 0, 0, 0, 0, 2, 1, 2, 2, 4, 0, 0, 1, 0, 0]
Indonesia##1##1&& [1, 1, 0, 0, 0, 1, 1, 1, 0, 0, 0, 0, 1, 1, 0, 0]
Indonesia##1##1&& [1, 1, 0, 0, 0, 1, 1, 1, 0, 0, 4, 0, 1, 1, 0, 0]
Karachi##1##0&& [1, 1, 0, 0, 0, 0, 0, 0, 0, 2, 3, 0, 0, 0, 0, 0]
Pakistan##1##1&& [1, 0, 0, 0, 1, 1, 3, 0, 4, 2, 4, 0, 0, 0, 0, 0]
Pakistan##1##1&& [1, 1, 0, 0, 1, 1, 1, 0, 4, 2, 2, 0, 0, 0, 0, 0]
Pakistan##1##1&& [1, 0, 0, 0, 1, 0, 3, 0, 0, 4, 4, 0, 0, 0, 0, 0]
Karachi##1##0&& [1, 0, 0, 0, 0, 0, 3, 0, 2, 0, 3, 0, 0, 0, 0, 0]
US##1##1&& [1, 1, 0, 0, 0, 0, 0, 1, 0, 0, 4, 0, 0, 1, 0, 0]
Malaysia##1##0&& [1, 1, 0, 0, 0, 0, 0, 0, 0, 3, 2, 0, 0, 0, 0, 0]
Indonesia##1##1&& [1, 0, 0, 0, 0, 1, 0, 1, 0, 4, 0, 0, 1, 1, 0, 0]
Pakistan##1##1&& [1, 1, 0, 0, 1, 0, 1, 0, 3, 0, 0, 0, 0, 0, 0, 0]
India##1##1&& [1, 0, 0, 0, 0, 0, 1, 0, 0, 0, 4, 0, 0, 1, 0, 0]
Pakistan##1##0&& [1, 0, 0, 0, 1, 0, 0, 0, 1, 0, 0, 0, 0, 0, 0, 0]
Baglihar##1##0&& [1, 1, 0, 0, 0, 0, 0, 1, 2, 1, 1, 0, 0, 0, 0, 0]
Kashmir##1##0&& [1, 0, 0, 0, 0, 1, 2, 1, 3, 1, 0, 0, 0, 0, 0, 0]
US##1##1&& [1, 1, 0, 0, 0, 0, 0, 1, 0, 1, 2, 0, 0, 1, 0, 0]
Yukos##0##1&& [1, 0, 0, 0, 0, 0, 3, 1, 0, 2, 0, 0, 0, 0, 0, 0]
India##1##1&& [1, 0, 0, 0, 0, 1, 0, 0, 4, 2, 4, 0, 0, 1, 0, 0]
Russia##1##1&& [1, 1, 0, 0, 0, 1, 1, 1, 0, 0, 0, 0, 1, 0, 0, 0]
Yuganskneftegas##1##0&& [1, 0, 0, 0, 0, 0, 2, 1, 2, 2, 4, 0, 0, 0, 0, 0]
Yugansk##1##0&& [1, 0, 0, 0, 0, 0, 2, 1, 4, 2, 2, 0, 0, 0, 0, 0]
Yugansk##1##0&& [1, 0, 0, 0, 0, 0, 3, 1, 0, 0, 2, 0, 0, 0, 0, 0]
Russia##1##1&& [1, 0, 0, 0, 0, 1, 0, 1, 3, 2, 3, 0, 0, 0, 0, 0]
Moscow##1##0&& [1, 1, 0, 0, 0, 0, 0, 0, 4, 2, 2, 0, 0, 0, 0, 0]
Putin##0##1&& [1, 0, 0, 0, 0, 1, 2, 1, 4, 2, 4, 0, 0, 0, 0, 0]
India##1##1&& [1, 1, 0, 0, 0, 1, 0, 0, 4, 2, 2, 0, 0, 1, 0, 0]
India##1##1&& [1, 1, 0, 0, 0, 0, 0, 0, 0, 0, 1, 0, 0, 1, 0, 0]
India##1##1&& [1, 0, 0, 0, 0, 1, 2, 0, 4, 4, 2, 0, 0, 1, 0, 0]
India##1##1&& [1, 1, 0, 0, 0, 0, 0, 0, 3, 4, 1, 0, 0, 1, 0, 0]
Douglas-Westwood##0##1&& [1, 0, 0, 0, 0, 1, 0, 1, 0, 2, 0, 0, 1, 0, 0, 0]
India##1##1&& [1, 1, 0, 0, 0, 1, 0, 0, 3, 2, 0, 0, 0, 1, 0, 0]
Yugansk##1##0&& [1, 0, 0, 0, 0, 0, 1, 1, 2, 3, 0, 0, 0, 0, 0, 0]
Gulf##1##0&& [1, 0, 0, 0, 0, 0, 1, 0, 0, 2, 1, 0, 0, 0, 0, 0]
India##1##1&& [1, 0, 0, 0, 0, 0, 1, 0, 3, 0, 4, 0, 0, 1, 0, 0]
Vietnam##1##0&& [1, 0, 0, 0, 0, 0, 3, 0, 2, 0, 0, 0, 0, 0, 0, 0]
Sudan##1##0&& [1, 0, 0, 0, 0, 0, 4, 1, 0, 3, 2, 0, 0, 0, 0, 0]
Russia##1##1&& [1, 0, 0, 0, 0, 1, 0, 1, 0, 2, 0, 0, 1, 0, 0, 0]
Russia##1##1&& [1, 0, 0, 0, 0, 1, 0, 1, 4, 2, 2, 0, 0, 0, 0, 0]
Yugansk##1##1&& [1, 1, 0, 0, 0, 1, 1, 1, 0, 4, 4, 0, 1, 0, 0, 0]
China##0##1&& [1, 0, 0, 0, 0, 0, 2, 1, 2, 2, 2, 0, 0, 1, 0, 0]
Italy##1##0&& [1, 0, 0, 0, 0, 0, 2, 0, 3, 2, 0, 0, 0, 0, 0, 0]
US##1##1&& [1, 1, 0, 0, 0, 1, 0, 1, 0, 1, 0, 0, 1, 1, 0, 0]
Yugansk##1##0&& [1, 0, 0, 0, 0, 1, 1, 1, 0, 3, 1, 0, 1, 0, 0, 0]
US##1##1&& [1, 0, 0, 0, 0, 1, 0, 1, 2, 2, 3, 0, 0, 1, 0, 0]
US##1##1&& [1, 1, 0, 0, 0, 0, 1, 1, 0, 3, 2, 0, 0, 1, 0, 0]
US##1##1&& [1, 1, 0, 0, 0, 0, 0, 1, 3, 2, 4, 0, 0, 1, 0, 0]
US##1##1&& [1, 1, 0, 0, 0, 0, 0, 1, 2, 1, 0, 0, 0, 1, 0, 0]
US##1##1&& [1, 1, 0, 0, 0, 0, 0, 1, 4, 2, 2, 0, 0, 1, 0, 0]
US##1##1&& [1, 1, 0, 0, 0, 0, 0, 1, 2, 1, 0, 0, 0, 1, 0, 0]
US##1##1&& [1, 1, 0, 0, 0, 0, 0, 1, 4, 1, 2, 0, 0, 1, 0, 0]
US##1##1&& [1, 0, 0, 0, 0, 0, 0, 1, 4, 1, 2, 0, 0, 1, 0, 0]
US##1##1&& [1, 1, 0, 0, 0, 0, 0, 1, 2, 0, 2, 1, 0, 1, 0, 0]
US##1##1&& [1, 0, 0, 0, 0, 0, 3, 1, 2, 2, 0, 0, 0, 1, 0, 0]
US##0##1&& [1, 1, 0, 0, 0, 0, 0, 1, 2, 3, 2, 0, 0, 1, 0, 0]
Reserve##0##1&& [1, 0, 0, 0, 0, 1, 2, 1, 4, 2, 4, 0, 0, 0, 0, 0]
US##1##1&& [1, 1, 0, 0, 0, 0, 0, 1, 2, 1, 0, 0, 0, 1, 0, 0]
US##1##1&& [1, 1, 0, 0, 0, 0, 0, 1, 2, 1, 3, 0, 0, 1, 0, 0]
Singapore##1##0&& [1, 1, 0, 0, 0, 0, 0, 1, 2, 2, 1, 1, 0, 0, 0, 0]
Singapore##1##0&& [1, 1, 0, 0, 0, 1, 1, 1, 4, 0, 2, 0, 0, 0, 0, 0]
Asia##1##1&& [1, 1, 0, 0, 0, 0, 1, 0, 1, 2, 3, 0, 0, 0, 0, 0]
China##1##1&& [1, 0, 0, 0, 0, 0, 1, 0, 3, 0, 3, 0, 0, 1, 0, 0]
US##1##1&& [1, 1, 0, 0, 0, 0, 0, 1, 0, 1, 3, 0, 0, 1, 0, 0]
China##1##1&& [1, 0, 0, 0, 0, 0, 0, 0, 0, 2, 3, 0, 0, 1, 0, 0]
Singapore##1##1&& [1, 1, 0, 0, 0, 0, 1, 1, 0, 3, 2, 0, 0, 0, 0, 0]
Singapore##1##1&& [1, 1, 0, 0, 0, 1, 0, 1, 4, 0, 2, 1, 0, 0, 0, 0]
Singapore##1##1&& [1, 1, 0, 0, 0, 0, 1, 1, 3, 2, 0, 0, 0, 0, 0, 0]
UK##1##1&& [1, 1, 0, 0, 0, 0, 0, 1, 0, 0, 3, 1, 0, 1, 0, 0]
UK##1##1&& [1, 1, 0, 0, 0, 1, 0, 1, 4, 1, 2, 0, 0, 1, 0, 0]
Ireland##0##1&& [1, 0, 0, 0, 1, 0, 4, 1, 3, 0, 0, 0, 0, 0, 0, 0]
UK##1##1&& [1, 1, 0, 0, 0, 1, 0, 1, 4, 1, 4, 0, 0, 1, 0, 0]
London##1##1&& [1, 1, 0, 0, 0, 1, 1, 1, 0, 3, 3, 0, 1, 1, 0, 0]
London##1##1&& [1, 1, 0, 0, 0, 1, 1, 1, 0, 3, 2, 0, 1, 1, 0, 0]
UK##1##1&& [1, 0, 0, 0, 0, 0, 4, 1, 3, 0, 0, 0, 0, 1, 0, 0]
Greenpeace##0##1&& [1, 1, 0, 0, 0, 0, 1, 1, 1, 2, 0, 0, 0, 0, 0, 0]
UK##1##1&& [1, 1, 0, 0, 0, 0, 0, 1, 3, 1, 0, 0, 0, 1, 0, 0]
Context##0##1&& [1, 1, 0, 0, 0, 0, 1, 1, 3, 2, 2, 0, 0, 0, 0, 0]
UK##1##1&& [1, 0, 0, 0, 0, 0, 3, 1, 3, 2, 0, 0, 0, 1, 0, 0]
UK##1##1&& [1, 1, 0, 0, 0, 1, 0, 1, 2, 0, 0, 0, 0, 1, 0, 0]
US##1##1&& [1, 1, 0, 0, 0, 0, 0, 1, 3, 0, 0, 0, 0, 1, 0, 0]
Europe##1##0&& [1, 0, 0, 0, 0, 0, 2, 1, 1, 0, 3, 0, 0, 0, 0, 0]
European##0##1&& [1, 1, 0, 0, 0, 0, 1, 1, 3, 2, 0, 0, 0, 0, 0, 0]
US##1##1&& [1, 1, 0, 0, 0, 0, 0, 1, 3, 1, 0, 0, 0, 1, 0, 0]
US##1##1&& [1, 1, 0, 0, 0, 0, 0, 1, 3, 1, 0, 0, 0, 1, 0, 0]
US##1##1&& [1, 0, 0, 0, 0, 0, 4, 1, 2, 1, 0, 0, 0, 1, 0, 0]
US##1##1&& [1, 1, 0, 0, 0, 0, 0, 1, 3, 0, 3, 0, 0, 1, 0, 0]
US##1##1&& [1, 0, 0, 0, 0, 0, 4, 1, 0, 0, 0, 0, 0, 1, 0, 0]
US##1##1&& [1, 0, 0, 0, 0, 0, 4, 1, 2, 1, 0, 0, 0, 1, 0, 0]
Saudi##0##1&& [1, 0, 0, 0, 0, 0, 0, 1, 0, 3, 4, 0, 0, 0, 0, 0]
London##1##1&& [1, 1, 0, 0, 0, 0, 1, 1, 4, 0, 0, 0, 0, 1, 0, 0]
Heathrow##1##0&& [1, 0, 0, 0, 0, 0, 2, 0, 0, 1, 3, 0, 0, 0, 0, 0]
Jeddah##1##0&& [1, 1, 0, 0, 0, 0, 0, 0, 0, 4, 2, 0, 0, 0, 0, 0]
Riyadh##1##0&& [1, 0, 0, 0, 0, 0, 0, 1, 1, 3, 2, 0, 0, 0, 0, 0]
Heathrow##1##1&& [1, 1, 0, 0, 0, 0, 1, 0, 0, 2, 3, 0, 0, 0, 0, 0]
Jeddah##1##0&& [1, 1, 0, 0, 0, 0, 0, 0, 0, 4, 0, 0, 0, 0, 0, 0]
Riyadh##1##1&& [1, 1, 0, 0, 0, 1, 0, 1, 0, 0, 0, 0, 1, 0, 0, 0]
UK##1##1&& [1, 1, 0, 0, 0, 0, 0, 1, 2, 2, 0, 0, 0, 1, 0, 0]
UK##1##1&& [1, 1, 0, 0, 0, 0, 0, 1, 0, 1, 2, 0, 0, 1, 0, 0]
Exports##0##1&& [1, 1, 0, 0, 0, 0, 1, 0, 1, 2, 3, 0, 0, 0, 0, 0]
China##1##1&& [1, 1, 0, 0, 0, 0, 1, 0, 2, 0, 1, 0, 0, 1, 0, 0]
China##1##1&& [1, 0, 0, 0, 0, 1, 2, 0, 4, 2, 2, 0, 0, 1, 0, 0]
China##1##1&& [1, 0, 0, 0, 0, 0, 1, 0, 0, 2, 3, 0, 0, 1, 0, 0]
Commerce##0##1&& [1, 1, 0, 0, 0, 0, 1, 1, 3, 2, 1, 0, 0, 0, 0, 0]
China##1##1&& [1, 1, 0, 0, 0, 1, 1, 0, 4, 3, 2, 0, 0, 1, 0, 0]
China##1##1&& [1, 0, 0, 0, 0, 1, 2, 0, 4, 1, 0, 0, 0, 1, 0, 0]
China##1##1&& [1, 1, 0, 0, 0, 1, 0, 0, 4, 2, 3, 0, 0, 1, 0, 0]
China##1##1&& [1, 0, 0, 0, 0, 0, 1, 0, 0, 2, 4, 0, 0, 1, 0, 0]
Washington##1##0&& [1, 1, 0, 0, 0, 1, 1, 1, 0, 2, 0, 0, 1, 0, 0, 0]
US##1##1&& [1, 0, 0, 0, 0, 0, 1, 1, 0, 3, 1, 0, 0, 1, 0, 0]
US##1##1&& [1, 0, 0, 0, 0, 0, 2, 1, 2, 0, 3, 0, 0, 1, 0, 0]
US##1##1&& [1, 1, 0, 0, 0, 1, 0, 1, 4, 0, 4, 0, 0, 1, 0, 0]
China##1##1&& [1, 0, 0, 0, 0, 0, 1, 0, 3, 2, 2, 0, 0, 1, 0, 0]
UK##1##1&& [1, 1, 0, 0, 0, 0, 0, 1, 2, 1, 3, 0, 0, 1, 0, 0]
India##1##1&& [1, 0, 0, 0, 0, 1, 4, 0, 0, 1, 0, 0, 0, 1, 0, 0]
Rajasthan##1##1&& [1, 1, 0, 0, 0, 0, 0, 1, 2, 1, 3, 0, 0, 0, 0, 0]
Rajasthan##1##1&& [1, 0, 0, 0, 0, 0, 0, 1, 2, 3, 2, 0, 0, 0, 0, 0]
Cairn##0##1&& [1, 1, 0, 0, 0, 1, 0, 1, 4, 2, 2, 1, 0, 0, 0, 0]
Rajasthan##1##0&& [1, 1, 0, 0, 0, 0, 1, 1, 4, 3, 2, 0, 0, 0, 0, 0]
UK##1##0&& [1, 1, 0, 0, 0, 1, 0, 1, 4, 1, 3, 0, 0, 1, 0, 0]
China##1##1&& [1, 1, 0, 0, 0, 1, 1, 0, 4, 2, 3, 0, 0, 1, 0, 0]
China##1##1&& [1, 0, 0, 0, 0, 1, 2, 0, 4, 2, 4, 0, 0, 1, 0, 0]
China##1##1&& [1, 1, 0, 0, 0, 1, 0, 0, 3, 1, 3, 0, 0, 1, 0, 0]
China##1##1&& [1, 1, 0, 0, 0, 0, 0, 0, 3, 0, 0, 0, 0, 1, 0, 0]
India##1##1&& [1, 1, 0, 0, 0, 0, 0, 0, 3, 0, 0, 0, 0, 1, 0, 0]
India##1##1&& [1, 0, 0, 0, 0, 0, 2, 0, 0, 0, 3, 0, 0, 1, 0, 0]
Kuwait##1##0&& [1, 1, 0, 0, 0, 0, 1, 1, 0, 4, 2, 0, 0, 0, 0, 0]
Sahara##1##0&& [1, 0, 0, 0, 0, 0, 2, 1, 3, 0, 0, 0, 0, 0, 0, 0]
India##1##1&& [1, 1, 0, 0, 0, 1, 0, 0, 3, 0, 3, 0, 0, 1, 0, 0]
Delhi##1##0&& [1, 0, 0, 0, 0, 0, 2, 1, 2, 2, 3, 0, 0, 0, 0, 0]
India##1##1&& [1, 1, 0, 0, 0, 0, 1, 0, 3, 2, 4, 0, 0, 1, 0, 0]
US##1##1&& [1, 1, 0, 0, 0, 0, 0, 1, 0, 1, 0, 0, 0, 1, 0, 0]
India##1##1&& [1, 0, 0, 0, 0, 0, 0, 0, 0, 2, 2, 0, 0, 1, 0, 0]
India##1##1&& [1, 0, 0, 0, 0, 1, 3, 0, 4, 2, 4, 0, 0, 1, 0, 0]
Sahara##1##0&& [1, 0, 0, 0, 0, 1, 2, 1, 3, 2, 4, 0, 0, 0, 0, 0]
US##1##1&& [1, 1, 0, 0, 0, 0, 0, 1, 2, 2, 0, 1, 0, 1, 0, 0]
US##1##1&& [1, 0, 0, 0, 0, 0, 2, 1, 2, 3, 3, 0, 0, 1, 0, 0]
Florida##1##0&& [1, 1, 0, 0, 0, 0, 0, 1, 2, 0, 0, 0, 0, 0, 0, 0]
US##1##1&& [1, 1, 0, 0, 0, 1, 0, 1, 0, 1, 0, 0, 1, 1, 0, 0]
US##1##1&& [1, 1, 0, 0, 0, 0, 0, 1, 0, 0, 1, 1, 0, 1, 0, 0]
US##1##1&& [1, 1, 0, 0, 0, 0, 0, 1, 3, 1, 3, 0, 0, 1, 0, 0]
US##1##1&& [1, 1, 0, 0, 0, 0, 0, 1, 2, 3, 2, 0, 0, 1, 0, 0]
California##1##1&& [1, 1, 0, 0, 0, 0, 1, 1, 2, 2, 4, 0, 0, 1, 0, 0]
Detroit##1##1&& [1, 1, 0, 0, 0, 1, 1, 1, 0, 2, 4, 0, 1, 0, 0, 0]
Detroit##1##1&& [1, 1, 0, 0, 0, 1, 1, 1, 0, 4, 4, 0, 1, 0, 0, 0]
US##1##0&& [1, 0, 0, 0, 0, 0, 0, 1, 3, 2, 3, 0, 0, 1, 0, 0]
US##1##0&& [1, 0, 0, 0, 0, 0, 0, 1, 4, 0, 2, 0, 0, 1, 0, 0]
US##1##1&& [1, 0, 0, 0, 0, 0, 0, 1, 3, 2, 0, 0, 0, 1, 0, 0]
US##1##0&& [1, 0, 0, 0, 0, 0, 0, 1, 3, 2, 3, 0, 0, 1, 0, 0]
US##1##1&& [1, 1, 0, 0, 0, 0, 0, 1, 3, 2, 0, 0, 0, 1, 0, 0]
US##1##1&& [1, 1, 0, 0, 0, 0, 0, 1, 3, 0, 0, 0, 0, 1, 0, 0]
Brussels##1##0&& [1, 0, 0, 0, 0, 0, 1, 1, 1, 2, 0, 0, 0, 0, 0, 0]
US##1##1&& [1, 0, 0, 0, 0, 0, 1, 1, 3, 2, 1, 0, 0, 1, 0, 0]
US##1##1&& [1, 1, 0, 0, 0, 0, 0, 1, 0, 1, 2, 0, 0, 1, 0, 0]
Europe##1##0&& [1, 0, 0, 0, 0, 0, 0, 1, 1, 2, 0, 0, 0, 0, 0, 0]
US##1##1&& [1, 1, 0, 0, 0, 0, 0, 1, 2, 0, 3, 0, 0, 1, 0, 0]
US##1##1&& [1, 1, 0, 0, 0, 1, 0, 1, 0, 1, 1, 0, 1, 1, 0, 0]
US##1##1&& [1, 0, 0, 0, 0, 0, 4, 1, 0, 0, 2, 0, 0, 1, 0, 0]
Monday##0##1&& [1, 0, 0, 0, 0, 0, 3, 1, 0, 2, 0, 0, 0, 0, 1, 0]
Asia##1##1&& [1, 1, 0, 0, 0, 0, 1, 0, 3, 3, 0, 0, 0, 0, 0, 0]
London##1##1&& [1, 1, 0, 0, 0, 0, 1, 1, 3, 0, 1, 0, 0, 1, 0, 0]
US##1##1&& [1, 1, 0, 0, 0, 0, 0, 1, 1, 1, 0, 0, 0, 1, 0, 0]
Riyadh##1##0&& [1, 1, 0, 0, 0, 0, 1, 1, 0, 0, 2, 0, 0, 0, 0, 0]
US##1##1&& [1, 1, 0, 0, 0, 0, 0, 1, 0, 0, 4, 0, 0, 1, 0, 0]
US##1##1&& [1, 0, 0, 0, 0, 1, 0, 1, 2, 1, 1, 0, 0, 1, 0, 0]
US##1##1&& [1, 1, 0, 0, 0, 0, 0, 1, 2, 1, 0, 0, 0, 1, 0, 0]
Yuganskneftegas##1##0&& [1, 0, 0, 0, 0, 1, 2, 1, 0, 2, 2, 0, 1, 0, 0, 0]
US##1##1&& [1, 0, 0, 0, 0, 0, 3, 1, 2, 2, 2, 0, 0, 1, 0, 0]
Yuganskneftegas##1##0&& [1, 0, 0, 0, 0, 0, 3, 1, 3, 2, 3, 0, 0, 0, 0, 0]
US##1##1&& [1, 1, 0, 0, 0, 1, 0, 1, 2, 1, 0, 0, 0, 1, 0, 0]
US##1##1&& [1, 1, 0, 0, 0, 1, 0, 1, 3, 1, 0, 0, 0, 1, 0, 0]
US##1##1&& [1, 1, 0, 0, 0, 1, 0, 1, 0, 1, 0, 0, 1, 1, 0, 0]
US##1##1&& [1, 0, 0, 0, 0, 1, 0, 1, 0, 0, 2, 0, 1, 1, 0, 0]
South##0##1&& [1, 1, 0, 0, 0, 0, 1, 1, 2, 0, 3, 0, 0, 0, 0, 0]
NAAMSA##0##1&& [1, 0, 0, 0, 0, 0, 0, 1, 3, 2, 0, 0, 0, 0, 0, 0]
India##1##1&& [1, 1, 0, 0, 0, 0, 0, 0, 0, 0, 2, 0, 0, 1, 0, 0]
Iran##1##0&& [1, 0, 0, 0, 0, 0, 0, 1, 1, 0, 2, 0, 0, 0, 0, 0]
India##1##1&& [1, 0, 0, 0, 0, 1, 2, 0, 3, 3, 4, 0, 0, 1, 0, 0]
Iran##1##0&& [1, 1, 0, 0, 0, 1, 1, 1, 0, 2, 0, 0, 1, 0, 0, 0]
Iran##1##1&& [1, 0, 0, 0, 0, 0, 1, 1, 0, 0, 3, 0, 0, 0, 0, 0]
China##1##1&& [1, 0, 0, 0, 0, 1, 0, 0, 0, 2, 0, 0, 0, 1, 0, 0]
Iran##1##1&& [1, 0, 0, 0, 0, 0, 1, 1, 3, 0, 3, 0, 0, 0, 0, 0]
New##1##0&& [1, 1, 0, 0, 0, 0, 1, 1, 2, 0, 1, 0, 0, 0, 0, 0]
Delhi##1##0&& [1, 0, 0, 0, 0, 0, 2, 1, 1, 1, 2, 0, 0, 0, 0, 0]
Middle##1##0&& [1, 0, 0, 0, 0, 0, 1, 1, 2, 2, 0, 0, 0, 0, 1, 0]
East##1##0&& [1, 0, 0, 0, 0, 0, 2, 1, 0, 1, 0, 0, 0, 0, 0, 0]
Asia##1##0&& [1, 0, 0, 0, 0, 1, 0, 0, 4, 0, 4, 0, 0, 0, 0, 0]
China##1##1&& [1, 0, 0, 0, 0, 0, 0, 0, 0, 0, 2, 0, 0, 1, 0, 0]
India##1##1&& [1, 0, 0, 0, 0, 0, 3, 0, 2, 0, 0, 0, 0, 1, 0, 0]
Japan##1##0&& [1, 0, 0, 0, 0, 0, 0, 1, 0, 3, 2, 0, 0, 0, 0, 0]
Iran##1##0&& [1, 1, 0, 0, 0, 0, 0, 1, 0, 2, 2, 1, 0, 0, 0, 0]
Opec##0##1&& [1, 0, 0, 0, 0, 1, 0, 1, 4, 2, 2, 0, 0, 0, 0, 0]
India##1##1&& [1, 0, 0, 0, 0, 0, 2, 0, 1, 0, 0, 0, 0, 1, 0, 0]
LPG##0##1&& [1, 1, 0, 0, 0, 0, 1, 1, 0, 0, 1, 0, 0, 0, 0, 0]
Yadavaran##1##0&& [1, 1, 0, 0, 0, 0, 0, 1, 0, 1, 2, 0, 0, 0, 0, 0]
Jufeyr##0##1&& [1, 0, 0, 0, 0, 0, 0, 1, 3, 2, 0, 0, 0, 0, 0, 0]
India##1##1&& [1, 1, 0, 0, 0, 1, 0, 0, 4, 2, 2, 0, 0, 1, 0, 0]
India##1##1&& [1, 1, 0, 0, 0, 0, 0, 0, 0, 0, 1, 0, 0, 1, 0, 0]
Asia##1##0&& [1, 1, 0, 0, 0, 0, 0, 0, 2, 0, 0, 0, 0, 0, 0, 0]
Asia##1##0&& [1, 0, 0, 0, 0, 0, 1, 0, 0, 0, 3, 0, 0, 0, 0, 0]
Indonesia##1##1&& [1, 0, 0, 0, 0, 0, 2, 1, 0, 2, 0, 0, 0, 1, 0, 0]
Seychelles##1##0&& [1, 1, 0, 0, 0, 0, 0, 0, 3, 0, 3, 0, 0, 0, 0, 0]
Asia##1##0&& [1, 1, 0, 0, 0, 0, 1, 0, 2, 0, 1, 0, 0, 0, 0, 0]
India##1##1&& [1, 1, 0, 0, 0, 0, 1, 0, 0, 1, 1, 0, 0, 1, 0, 0]
Maldives##1##0&& [1, 1, 0, 0, 0, 0, 0, 1, 3, 1, 0, 0, 0, 0, 0, 0]
Maldives##1##1&& [1, 1, 0, 0, 0, 0, 0, 1, 0, 1, 1, 0, 0, 0, 0, 0]
Maldives##1##0&& [1, 1, 0, 0, 0, 0, 0, 1, 3, 0, 0, 0, 0, 0, 0, 0]
Indonesia##1##1&& [1, 1, 0, 0, 0, 0, 0, 1, 4, 0, 2, 1, 0, 1, 0, 0]
Malaysia##1##0&& [1, 0, 0, 0, 0, 0, 2, 0, 2, 0, 0, 0, 0, 0, 0, 0]
Thailand##1##1&& [1, 0, 0, 0, 1, 0, 4, 1, 0, 2, 0, 0, 0, 0, 0, 0]
India##1##1&& [1, 0, 0, 0, 0, 0, 0, 0, 3, 2, 3, 0, 0, 1, 0, 0]
Indonesia##1##1&& [1, 0, 0, 0, 0, 1, 1, 1, 4, 0, 4, 0, 0, 1, 0, 0]
Aceh##1##1&& [1, 1, 0, 0, 0, 0, 1, 1, 3, 2, 0, 0, 0, 0, 0, 0]
Aceh##1##1&& [1, 1, 0, 0, 0, 0, 1, 1, 1, 0, 0, 0, 0, 0, 0, 0]
Maldives##1##0&& [1, 1, 0, 0, 0, 0, 0, 1, 0, 0, 3, 0, 0, 0, 0, 0]
Thailand##1##0&& [1, 1, 0, 0, 1, 0, 1, 1, 2, 3, 2, 0, 0, 0, 0, 0]
Thailand##1##1&& [1, 1, 0, 0, 1, 1, 0, 1, 3, 0, 3, 1, 0, 0, 0, 0]
India##1##1&& [1, 0, 0, 0, 0, 1, 1, 0, 3, 2, 0, 0, 0, 1, 0, 0]
Indonesia##1##1&& [1, 1, 0, 0, 0, 0, 0, 1, 0, 2, 3, 1, 0, 1, 0, 0]
Southcorp##0##1&& [1, 1, 0, 0, 0, 0, 1, 1, 0, 0, 4, 0, 0, 0, 0, 0]
Penfolds##1##0&& [1, 1, 0, 0, 0, 0, 0, 0, 0, 1, 0, 0, 0, 0, 0, 0]
Rosemount##1##0&& [1, 0, 0, 0, 0, 0, 0, 1, 0, 0, 1, 0, 0, 0, 0, 0]
Sydney##1##0&& [1, 1, 0, 0, 0, 0, 0, 1, 2, 3, 2, 0, 0, 0, 0, 0]
Australia##1##0&& [1, 0, 0, 0, 0, 0, 4, 1, 3, 1, 0, 0, 0, 0, 0, 0]
Lensworth##1##0&& [1, 0, 0, 0, 0, 0, 2, 1, 0, 2, 0, 0, 0, 0, 0, 0]
US##1##1&& [1, 0, 0, 0, 0, 0, 1, 1, 2, 2, 2, 0, 0, 1, 0, 0]
London##0##1&& [1, 1, 0, 0, 0, 0, 0, 1, 2, 2, 2, 0, 0, 1, 0, 0]
London##1##1&& [1, 1, 0, 0, 0, 0, 0, 1, 2, 1, 4, 0, 0, 1, 0, 0]
Frankfurt##1##1&& [1, 1, 0, 0, 0, 0, 1, 0, 3, 2, 0, 0, 0, 0, 0, 0]
London##1##1&& [1, 1, 0, 0, 0, 0, 0, 1, 1, 3, 0, 0, 0, 1, 0, 0]
Europe##1##1&& [1, 1, 0, 0, 0, 1, 1, 1, 4, 2, 4, 0, 0, 0, 0, 0]
London##1##1&& [1, 1, 0, 0, 0, 0, 0, 1, 1, 2, 0, 0, 0, 1, 0, 0]
Euronext##0##1&& [1, 0, 0, 0, 0, 0, 0, 1, 3, 2, 0, 0, 0, 0, 0, 0]
UK##1##1&& [1, 1, 0, 0, 0, 0, 0, 1, 2, 4, 0, 1, 0, 1, 0, 0]
Asia##1##1&& [1, 1, 0, 0, 0, 1, 1, 0, 4, 2, 4, 0, 0, 0, 0, 0]
London##1##1&& [1, 1, 0, 0, 0, 0, 1, 1, 1, 0, 0, 0, 0, 1, 0, 0]
Koram##1##0&& [1, 0, 0, 0, 0, 0, 3, 1, 2, 0, 0, 0, 0, 0, 0, 0]
London##1##1&& [1, 1, 0, 0, 0, 0, 1, 1, 0, 2, 3, 0, 0, 1, 0, 0]
Asia##1##0&& [1, 1, 0, 0, 0, 0, 1, 0, 0, 2, 0, 0, 0, 0, 0, 0]
Africa##1##0&& [1, 1, 0, 0, 0, 1, 1, 1, 0, 2, 1, 0, 1, 0, 0, 0]
London##1##1&& [1, 1, 0, 0, 0, 0, 1, 1, 2, 0, 2, 0, 0, 1, 0, 0]
London##1##1&& [1, 1, 0, 0, 0, 0, 1, 1, 0, 3, 4, 0, 0, 1, 0, 0]
Korean##0##1&& [1, 0, 0, 0, 0, 1, 2, 1, 2, 0, 3, 0, 0, 0, 0, 0]
KFB##0##1&& [1, 1, 0, 0, 0, 0, 1, 1, 1, 0, 0, 0, 0, 0, 0, 0]
US##1##1&& [1, 1, 0, 0, 0, 0, 1, 1, 4, 0, 2, 0, 0, 1, 0, 0]
Korea##0##1&& [1, 0, 0, 0, 0, 1, 2, 1, 4, 3, 4, 0, 0, 0, 0, 0]
California##1##1&& [1, 1, 0, 0, 0, 0, 1, 1, 1, 0, 0, 0, 0, 1, 0, 0]
California##1##1&& [1, 0, 0, 0, 0, 0, 0, 1, 0, 1, 1, 0, 0, 1, 0, 0]
The##0##1&& [1, 1, 1, 0, 0, 0, 1, 0, 3, 0, 0, 0, 0, 0, 0, 0]
California##1##1&& [1, 0, 0, 0, 0, 0, 2, 1, 2, 0, 4, 0, 0, 1, 0, 0]
California##1##1&& [1, 1, 0, 0, 0, 0, 1, 1, 0, 0, 2, 0, 0, 1, 0, 0]
California##1##1&& [1, 1, 0, 0, 0, 0, 1, 1, 2, 0, 2, 0, 0, 1, 0, 0]
Liffe##0##1&& [1, 1, 0, 0, 0, 0, 1, 1, 1, 2, 2, 0, 0, 0, 0, 0]
London##1##1&& [1, 1, 0, 0, 0, 1, 1, 1, 3, 2, 0, 0, 0, 1, 0, 0]
LSE##0##1&& [1, 0, 0, 0, 0, 1, 1, 1, 0, 2, 1, 0, 1, 0, 0, 0]
Paris##1##1&& [1, 1, 0, 0, 0, 0, 0, 1, 2, 3, 0, 0, 0, 1, 0, 0]
Amsterdam##1##0&& [1, 0, 0, 0, 0, 0, 2, 1, 0, 0, 2, 0, 0, 0, 0, 0]
Lisbon##1##0&& [1, 0, 0, 0, 0, 0, 0, 1, 2, 2, 0, 0, 0, 0, 0, 0]
Europe##1##1&& [1, 1, 0, 0, 0, 0, 1, 1, 0, 2, 0, 0, 0, 0, 0, 0]
London##1##1&& [1, 1, 0, 0, 0, 0, 0, 1, 2, 3, 0, 0, 0, 1, 0, 0]
London##1##1&& [1, 1, 0, 0, 0, 0, 1, 1, 0, 0, 3, 0, 0, 1, 0, 0]
India##1##1&& [1, 1, 0, 0, 0, 1, 1, 0, 4, 2, 4, 0, 0, 1, 0, 0]
India##1##1&& [1, 1, 0, 0, 0, 0, 1, 0, 1, 0, 4, 0, 0, 1, 0, 0]
IPC##0##1&& [1, 1, 0, 0, 0, 0, 1, 1, 3, 2, 1, 0, 0, 0, 0, 0]
Mumbai##1##1&& [1, 1, 0, 0, 0, 0, 1, 1, 0, 2, 3, 0, 0, 0, 0, 0]
China##1##1&& [1, 1, 0, 0, 0, 0, 0, 0, 3, 2, 4, 0, 0, 1, 0, 0]
China##1##1&& [1, 0, 0, 0, 0, 1, 2, 0, 3, 2, 3, 0, 0, 1, 0, 0]
China##1##1&& [1, 1, 0, 0, 0, 0, 0, 0, 0, 3, 3, 0, 0, 1, 0, 0]
China##1##0&& [1, 1, 0, 0, 0, 0, 1, 0, 2, 3, 0, 0, 0, 1, 0, 0]
British##0##1&& [1, 0, 0, 0, 0, 0, 0, 0, 4, 2, 2, 0, 0, 0, 0, 0]
China##1##1&& [1, 0, 0, 0, 0, 1, 3, 0, 4, 0, 4, 0, 0, 1, 0, 0]
China##1##1&& [1, 1, 0, 0, 0, 0, 0, 0, 0, 2, 0, 0, 0, 1, 0, 0]
China##1##0&& [1, 1, 0, 0, 0, 0, 1, 0, 2, 3, 0, 0, 0, 1, 0, 0]
China##1##1&& [1, 1, 0, 0, 0, 1, 0, 0, 3, 2, 0, 0, 0, 1, 0, 0]
China##1##1&& [1, 1, 0, 0, 0, 0, 1, 0, 0, 4, 0, 0, 0, 1, 0, 0]
China##1##1&& [1, 1, 0, 0, 0, 0, 1, 0, 0, 2, 0, 0, 0, 1, 0, 0]
China##1##1&& [1, 1, 0, 0, 0, 1, 1, 0, 3, 2, 0, 0, 0, 1, 0, 0]
China##1##1&& [1, 1, 0, 0, 0, 1, 0, 0, 4, 2, 2, 0, 0, 1, 0, 0]
West##0##1&& [1, 1, 0, 0, 0, 1, 0, 0, 0, 1, 2, 0, 0, 0, 0, 0]
Israel##1##0&& [1, 1, 0, 0, 0, 0, 0, 0, 3, 4, 0, 0, 0, 0, 0, 0]
US##1##1&& [1, 1, 0, 0, 0, 0, 0, 1, 1, 3, 2, 0, 0, 1, 0, 0]
Israel##1##0&& [1, 0, 0, 0, 0, 1, 4, 0, 3, 2, 3, 0, 0, 0, 0, 0]
US##1##1&& [1, 0, 0, 0, 0, 0, 0, 1, 2, 3, 0, 0, 0, 1, 0, 0]
US##1##1&& [1, 1, 0, 0, 0, 0, 0, 1, 3, 0, 0, 0, 0, 1, 0, 0]
US##1##1&& [1, 0, 0, 0, 0, 0, 1, 1, 2, 3, 0, 0, 0, 1, 0, 0]
Technology##0##1&& [1, 1, 0, 0, 0, 0, 1, 1, 0, 2, 3, 0, 0, 0, 0, 0]
Israel##1##1&& [1, 1, 0, 0, 0, 0, 1, 0, 1, 2, 3, 0, 0, 0, 0, 0]
Israel##1##1&& [1, 0, 0, 0, 0, 1, 3, 0, 4, 1, 2, 0, 0, 0, 0, 0]
Mr##0##1&& [1, 1, 0, 0, 0, 0, 1, 1, 2, 0, 3, 0, 0, 0, 0, 0]
Israel##1##1&& [1, 0, 0, 0, 0, 1, 1, 0, 4, 2, 2, 0, 0, 0, 0, 0]
Israel##1##1&& [1, 0, 0, 0, 0, 1, 1, 0, 0, 2, 0, 0, 0, 0, 0, 0]
Israel##1##1&& [1, 0, 0, 0, 0, 1, 1, 0, 0, 0, 0, 0, 0, 0, 0, 0]
US##1##1&& [1, 1, 0, 0, 0, 1, 0, 1, 0, 1, 0, 0, 1, 1, 0, 0]
US##1##1&& [1, 1, 0, 0, 0, 0, 0, 1, 0, 1, 0, 0, 0, 1, 0, 0]
Sydney##1##1&& [1, 0, 0, 0, 0, 0, 1, 1, 0, 0, 3, 0, 0, 0, 0, 0]
Australia##1##1&& [1, 1, 0, 0, 0, 0, 1, 1, 0, 2, 0, 0, 0, 0, 0, 0]
US##1##1&& [1, 1, 0, 0, 0, 0, 0, 1, 2, 0, 1, 0, 0, 1, 0, 0]
Delaware##1##1&& [1, 1, 0, 0, 0, 1, 1, 0, 0, 2, 0, 0, 0, 0, 0, 0]
US##1##1&& [1, 0, 0, 0, 0, 0, 4, 1, 4, 0, 0, 0, 0, 1, 0, 0]
Germany##1##1&& [1, 1, 0, 0, 0, 0, 1, 1, 1, 0, 2, 0, 0, 0, 0, 0]
Germany##1##0&& [1, 0, 0, 0, 0, 1, 1, 1, 4, 0, 2, 0, 0, 0, 0, 0]
Ukraine##1##0&& [1, 1, 0, 0, 0, 0, 0, 1, 0, 0, 2, 1, 0, 0, 0, 0]
Ukraine##1##0&& [1, 0, 0, 0, 0, 1, 2, 1, 3, 2, 3, 0, 0, 0, 0, 0]
Turkmenistan##1##0&& [1, 0, 0, 0, 1, 1, 1, 1, 0, 3, 0, 0, 1, 0, 0, 0]
Turkmenistan##1##0&& [1, 0, 0, 0, 1, 0, 1, 1, 3, 0, 0, 0, 0, 0, 0, 0]
Turkmenistan##1##0&& [1, 1, 0, 0, 1, 0, 1, 1, 2, 0, 1, 0, 0, 0, 0, 0]
Ukraine##1##1&& [1, 0, 0, 0, 0, 0, 1, 1, 0, 3, 3, 0, 0, 0, 0, 0]
Turkmenistan##1##1&& [1, 1, 0, 0, 1, 1, 0, 1, 3, 0, 0, 1, 0, 0, 0, 0]
Russia##1##0&& [1, 0, 0, 0, 0, 0, 1, 1, 0, 2, 3, 0, 0, 0, 0, 0]
Turkmenistan##1##1&& [1, 0, 0, 0, 1, 0, 2, 1, 3, 1, 1, 0, 0, 0, 0, 0]
Ukraine##1##0&& [1, 1, 0, 0, 0, 0, 0, 1, 1, 0, 2, 0, 0, 0, 0, 0]
Russia##1##1&& [1, 1, 0, 0, 0, 1, 0, 1, 0, 0, 0, 0, 1, 0, 0, 0]
Russia##1##1&& [1, 1, 0, 0, 0, 0, 1, 1, 0, 3, 2, 0, 0, 0, 0, 0]
Siberia##1##1&& [1, 1, 0, 0, 0, 1, 1, 1, 0, 0, 2, 0, 1, 0, 0, 0]
Turkmenistan##1##1&& [1, 1, 0, 0, 1, 1, 0, 1, 3, 2, 0, 1, 0, 0, 0, 0]
Metrojaya##1##1&& [1, 1, 0, 0, 0, 0, 1, 1, 0, 2, 1, 0, 0, 0, 0, 0]
Malaysia##1##1&& [1, 1, 0, 0, 0, 1, 1, 0, 0, 0, 2, 0, 0, 0, 0, 0]
London##0##1&& [1, 1, 0, 0, 0, 0, 0, 1, 2, 1, 2, 0, 0, 1, 0, 0]
Malaysia##1##0&& [1, 0, 0, 0, 0, 0, 1, 0, 0, 4, 2, 0, 0, 0, 0, 0]
Kent##1##1&& [1, 1, 0, 0, 0, 0, 1, 1, 1, 2, 1, 0, 0, 0, 0, 0]
UK##1##1&& [1, 0, 0, 0, 0, 0, 4, 1, 2, 0, 0, 0, 0, 1, 0, 0]
UK##1##1&& [1, 0, 0, 0, 0, 0, 4, 1, 2, 4, 0, 0, 0, 1, 0, 0]
India##1##1&& [1, 1, 0, 0, 0, 1, 0, 0, 4, 2, 2, 0, 0, 1, 0, 0]
India##1##1&& [1, 1, 0, 0, 0, 1, 1, 0, 4, 0, 4, 0, 0, 1, 0, 0]
India##1##1&& [1, 1, 0, 0, 0, 0, 1, 0, 0, 2, 3, 0, 0, 1, 0, 0]
Mumbai##1##1&& [1, 1, 0, 0, 0, 0, 1, 1, 0, 3, 3, 0, 0, 0, 0, 0]
IPCL##0##1&& [1, 1, 0, 0, 0, 0, 1, 1, 0, 2, 0, 0, 0, 0, 0, 0]
India##1##1&& [1, 0, 0, 0, 0, 1, 0, 0, 4, 2, 4, 0, 0, 1, 0, 0]
US##1##1&& [1, 1, 0, 0, 0, 0, 0, 1, 2, 2, 2, 0, 0, 1, 0, 0]
Europe##1##0&& [1, 0, 0, 0, 0, 1, 0, 1, 0, 2, 2, 0, 1, 0, 0, 0]
Europe##1##0&& [1, 0, 0, 0, 0, 1, 0, 1, 0, 2, 3, 0, 1, 0, 0, 0]
China##1##1&& [1, 1, 0, 0, 0, 0, 0, 0, 3, 2, 4, 0, 0, 1, 0, 0]
China##1##1&& [1, 0, 0, 0, 0, 1, 2, 0, 4, 4, 2, 0, 0, 1, 0, 0]
Beijing##1##1&& [1, 1, 0, 0, 0, 0, 1, 1, 3, 2, 0, 0, 0, 0, 0, 0]
China##1##1&& [1, 1, 0, 0, 0, 1, 0, 0, 3, 2, 3, 0, 0, 1, 0, 0]
China##1##1&& [1, 1, 0, 0, 0, 0, 0, 0, 3, 0, 0, 0, 0, 1, 0, 0]
China##1##1&& [1, 1, 0, 0, 0, 1, 0, 0, 4, 2, 2, 0, 0, 1, 0, 0]
US##1##1&& [1, 1, 0, 0, 0, 0, 0, 1, 2, 0, 0, 0, 0, 1, 0, 0]
US##1##1&& [1, 0, 0, 0, 0, 0, 4, 1, 0, 1, 0, 0, 0, 1, 0, 0]
China##1##1&& [1, 0, 0, 0, 0, 0, 3, 0, 1, 0, 3, 0, 0, 1, 0, 0]
Indonesia##1##1&& [1, 1, 0, 0, 0, 0, 0, 1, 0, 2, 2, 1, 0, 1, 0, 0]
Indonesia##1##1&& [1, 0, 0, 0, 0, 0, 2, 1, 0, 2, 0, 0, 0, 1, 0, 0]
Paris##0##1&& [1, 1, 0, 0, 0, 0, 0, 1, 2, 1, 2, 0, 0, 1, 0, 0]
Indonesia##1##1&& [1, 1, 0, 0, 0, 0, 0, 1, 0, 3, 0, 1, 0, 1, 0, 0]
Paris##1##1&& [1, 1, 0, 0, 0, 0, 0, 1, 2, 3, 1, 0, 0, 1, 0, 0]
Aceh##1##0&& [1, 1, 0, 0, 0, 0, 1, 1, 2, 3, 0, 0, 0, 0, 0, 0]
Indonesia##1##1&& [1, 0, 0, 0, 0, 0, 1, 1, 3, 2, 0, 0, 0, 1, 0, 0]
Paris##1##1&& [1, 1, 0, 0, 0, 0, 0, 1, 2, 1, 1, 0, 0, 1, 0, 0]
Paris##1##1&& [1, 1, 0, 0, 0, 0, 0, 1, 2, 0, 2, 0, 0, 1, 0, 0]
Paris##1##1&& [1, 1, 0, 0, 0, 0, 0, 1, 2, 1, 3, 0, 0, 1, 0, 0]
Indonesia##1##1&& [1, 1, 0, 0, 0, 0, 0, 1, 2, 2, 2, 1, 0, 1, 0, 0]
Seychelles##1##0&& [1, 1, 0, 0, 0, 0, 0, 0, 3, 0, 0, 0, 0, 0, 0, 0]
Paris##1##1&& [1, 1, 0, 0, 0, 0, 0, 1, 2, 3, 2, 0, 0, 1, 0, 0]
Thailand##1##0&& [1, 1, 0, 0, 1, 0, 0, 1, 0, 4, 0, 1, 0, 0, 0, 0]
India##1##1&& [1, 0, 0, 0, 0, 0, 0, 0, 3, 2, 0, 0, 0, 1, 0, 0]
Thailand##1##0&& [1, 0, 0, 0, 1, 0, 1, 1, 3, 2, 0, 0, 0, 0, 0, 0]
India##1##1&& [1, 0, 0, 0, 0, 0, 1, 0, 3, 0, 0, 0, 0, 1, 0, 0]
Brazil##1##1&& [1, 1, 0, 0, 0, 0, 0, 0, 4, 2, 2, 0, 0, 1, 0, 0]
Brazil##1##1&& [1, 0, 0, 0, 0, 1, 4, 0, 4, 4, 2, 0, 0, 1, 0, 0]
Brazil##1##1&& [1, 1, 0, 0, 0, 0, 1, 0, 2, 0, 2, 0, 0, 1, 0, 0]
Recife##1##0&& [1, 0, 0, 0, 0, 0, 2, 1, 2, 2, 0, 0, 0, 0, 0, 0]
Salvador##1##0&& [1, 0, 0, 0, 0, 0, 2, 1, 0, 2, 2, 0, 0, 0, 0, 0]
ion##0##1&& [0, 1, 0, 0, 0, 1, 0, 1, 3, 3, 3, 1, 0, 0, 0, 0]
UK##1##1&& [1, 1, 0, 0, 0, 0, 0, 1, 4, 3, 3, 1, 0, 1, 0, 0]
Europe##1##1&& [1, 1, 0, 0, 0, 0, 1, 1, 0, 2, 4, 0, 0, 0, 0, 0]
Spanish##0##1&& [1, 1, 0, 0, 0, 0, 1, 0, 0, 1, 4, 0, 0, 0, 0, 0]
UK##1##1&& [1, 1, 0, 0, 0, 0, 0, 1, 1, 1, 0, 0, 0, 1, 0, 0]
India##1##1&& [1, 0, 0, 0, 0, 1, 2, 0, 4, 0, 4, 0, 0, 1, 0, 0]
India##1##1&& [1, 0, 0, 0, 0, 1, 1, 0, 4, 3, 3, 0, 0, 1, 0, 0]
US##1##1&& [1, 1, 0, 0, 0, 0, 0, 1, 2, 0, 2, 0, 0, 1, 0, 0]
US##1##1&& [1, 0, 0, 0, 0, 0, 4, 1, 4, 4, 2, 0, 0, 1, 0, 0]
London##1##1&& [1, 1, 0, 0, 0, 0, 0, 1, 2, 1, 1, 0, 0, 1, 0, 0]
US##1##1&& [1, 0, 0, 0, 0, 0, 1, 1, 0, 3, 3, 0, 0, 1, 0, 0]
Enron##0##1&& [1, 1, 0, 0, 0, 0, 0, 1, 2, 1, 3, 0, 0, 0, 0, 0]
US##1##1&& [1, 1, 0, 0, 0, 0, 0, 1, 2, 0, 3, 0, 0, 1, 0, 0]
US##1##1&& [1, 0, 0, 0, 0, 0, 1, 1, 2, 0, 2, 0, 0, 1, 0, 0]
New##0##1&& [1, 1, 0, 0, 0, 0, 1, 1, 2, 0, 3, 0, 0, 0, 0, 0]
US##1##1&& [1, 0, 0, 0, 0, 0, 1, 1, 0, 4, 0, 0, 0, 1, 0, 0]
US##1##1&& [1, 0, 0, 0, 0, 0, 1, 1, 0, 0, 0, 0, 0, 1, 0, 0]
US##1##1&& [1, 0, 0, 0, 0, 0, 3, 1, 0, 0, 0, 0, 0, 1, 0, 0]
US##1##1&& [1, 1, 0, 0, 0, 0, 0, 1, 2, 3, 1, 0, 0, 1, 0, 0]
US##1##1&& [1, 0, 0, 0, 0, 0, 3, 1, 0, 0, 0, 0, 0, 1, 0, 0]
UK##1##1&& [1, 1, 0, 0, 0, 1, 0, 1, 4, 1, 2, 0, 0, 1, 0, 0]
US##1##1&& [1, 1, 0, 0, 0, 0, 1, 1, 0, 4, 0, 0, 0, 1, 0, 0]
China##1##1&& [1, 0, 0, 0, 0, 0, 2, 0, 3, 0, 0, 0, 0, 1, 0, 0]
London##1##1&& [1, 1, 0, 0, 0, 0, 0, 1, 2, 3, 2, 0, 0, 1, 0, 0]
China##1##1&& [1, 0, 0, 0, 0, 0, 0, 0, 2, 0, 2, 0, 0, 1, 0, 0]
China##1##1&& [1, 1, 0, 0, 0, 0, 1, 0, 0, 2, 3, 0, 0, 1, 0, 0]
China##1##1&& [1, 1, 0, 0, 0, 1, 1, 0, 0, 0, 3, 0, 0, 1, 0, 0]
China##1##1&& [1, 1, 0, 0, 0, 1, 1, 0, 0, 0, 0, 0, 0, 1, 0, 0]
Maryland##1##0&& [1, 1, 0, 0, 1, 1, 1, 1, 0, 2, 0, 0, 1, 0, 0, 0]
China##1##1&& [1, 0, 0, 0, 0, 0, 0, 0, 0, 3, 0, 0, 0, 1, 0, 0]
India##1##1&& [1, 0, 0, 0, 0, 0, 0, 0, 3, 3, 1, 0, 0, 1, 0, 0]
Indonesia##1##1&& [1, 0, 0, 0, 0, 1, 1, 1, 0, 3, 3, 0, 1, 1, 0, 0]
China##1##1&& [1, 1, 0, 0, 0, 1, 0, 0, 3, 2, 3, 0, 0, 1, 0, 0]
Beijing##1##0&& [1, 1, 0, 0, 0, 1, 1, 1, 0, 2, 0, 0, 1, 0, 0, 0]
Italy##1##1&& [1, 1, 0, 0, 0, 0, 1, 0, 0, 0, 2, 0, 0, 0, 0, 0]
Mexico##1##0&& [1, 0, 0, 0, 0, 0, 0, 1, 3, 4, 0, 0, 0, 0, 0, 0]
Rome##1##1&& [1, 1, 0, 0, 0, 0, 1, 1, 3, 2, 0, 0, 0, 0, 0, 0]
Philippines##1##0&& [1, 1, 0, 0, 0, 0, 0, 1, 3, 0, 1, 0, 0, 0, 0, 0]
China##1##1&& [1, 1, 0, 0, 0, 1, 1, 0, 4, 3, 2, 0, 0, 1, 0, 0]
Lenovo##0##1&& [1, 0, 0, 0, 0, 0, 4, 1, 0, 3, 1, 0, 0, 0, 0, 0]
China##1##1&& [1, 1, 0, 0, 0, 0, 1, 0, 1, 2, 4, 0, 0, 1, 0, 0]
Hewlett-Packard##0##1&& [1, 0, 0, 0, 0, 0, 0, 1, 3, 2, 0, 0, 0, 0, 0, 0]
China##1##1&& [1, 1, 0, 0, 0, 1, 1, 0, 0, 2, 0, 0, 0, 1, 0, 0]
China##1##1&& [1, 1, 0, 0, 0, 0, 1, 0, 0, 0, 0, 0, 0, 1, 0, 0]
US##1##1&& [1, 0, 0, 0, 0, 1, 1, 1, 2, 2, 0, 0, 0, 1, 0, 0]
China##1##1&& [1, 0, 0, 0, 0, 0, 2, 0, 0, 0, 1, 0, 0, 1, 0, 0]
US##1##1&& [1, 1, 0, 0, 0, 0, 1, 1, 4, 2, 0, 0, 0, 1, 0, 0]
Alabama##1##1&& [1, 1, 0, 0, 0, 0, 1, 1, 1, 3, 0, 0, 0, 0, 0, 0]
Alabama##1##1&& [1, 1, 0, 0, 0, 0, 1, 1, 1, 3, 0, 0, 0, 0, 0, 0]
US##1##1&& [1, 0, 0, 0, 0, 1, 0, 1, 2, 3, 0, 0, 0, 1, 0, 0]
US##1##0&& [1, 1, 0, 0, 0, 0, 1, 1, 2, 4, 0, 0, 0, 1, 0, 0]
New##0##1&& [1, 0, 0, 0, 0, 0, 0, 1, 2, 3, 2, 0, 0, 0, 0, 0]
WorldCom##0##1&& [1, 0, 0, 0, 0, 0, 1, 1, 1, 3, 0, 0, 0, 0, 0, 0]
America##1##1&& [1, 1, 0, 0, 0, 1, 1, 1, 4, 0, 4, 0, 0, 0, 0, 0]
US##1##1&& [1, 0, 0, 0, 0, 1, 4, 1, 2, 3, 2, 0, 0, 1, 0, 0]
Elgindy##0##1&& [1, 0, 0, 0, 0, 0, 0, 1, 3, 2, 0, 0, 0, 0, 0, 0]
US##1##1&& [1, 0, 0, 0, 0, 0, 3, 1, 2, 4, 2, 0, 0, 1, 0, 0]
US##1##1&& [1, 0, 0, 0, 0, 0, 1, 1, 0, 2, 2, 0, 0, 1, 0, 0]
AP##0##1&& [1, 0, 0, 0, 0, 0, 0, 1, 3, 2, 0, 0, 0, 0, 0, 0]
Elgindy##0##1&& [1, 1, 0, 0, 0, 1, 0, 1, 4, 3, 2, 1, 0, 0, 0, 0]
Washington##1##0&& [1, 0, 0, 0, 0, 1, 0, 1, 0, 2, 2, 0, 1, 0, 0, 0]
Washington##1##0&& [1, 0, 0, 0, 0, 1, 0, 1, 0, 2, 2, 0, 1, 0, 0, 0]
Europe##1##1&& [1, 0, 0, 0, 0, 1, 3, 1, 4, 2, 4, 0, 0, 0, 0, 0]
Paris##1##1&& [1, 0, 0, 0, 0, 1, 1, 1, 0, 2, 0, 0, 1, 1, 0, 0]
Paris##1##1&& [1, 1, 0, 0, 0, 0, 1, 1, 1, 3, 0, 0, 0, 1, 0, 0]
Turkey##1##0&& [1, 0, 0, 0, 0, 0, 4, 1, 3, 3, 2, 0, 0, 0, 0, 0]
Turkey##1##0&& [1, 0, 0, 0, 0, 1, 3, 1, 3, 2, 3, 0, 0, 0, 0, 0]
Turkey##1##1&& [1, 1, 0, 0, 0, 1, 0, 1, 4, 2, 4, 1, 0, 0, 0, 0]
Turkey##1##0&& [1, 0, 0, 0, 0, 0, 3, 1, 0, 0, 3, 0, 0, 0, 0, 0]
Turkey##1##1&& [1, 1, 0, 0, 0, 1, 0, 1, 4, 0, 2, 1, 0, 0, 0, 0]
Turkey##1##0&& [1, 0, 0, 0, 0, 1, 0, 1, 3, 0, 0, 0, 0, 0, 0, 0]
Turkey##1##0&& [1, 0, 0, 0, 0, 0, 3, 1, 0, 0, 3, 0, 0, 0, 0, 0]
Davos##1##0&& [1, 1, 0, 0, 0, 0, 1, 1, 2, 3, 4, 0, 0, 0, 0, 0]
Switzerland##1##1&& [1, 0, 0, 0, 1, 0, 2, 1, 4, 1, 2, 0, 0, 0, 0, 0]
China##1##1&& [1, 1, 0, 0, 0, 0, 1, 0, 4, 2, 0, 0, 0, 1, 0, 0]
Ethiopia##1##1&& [1, 0, 0, 0, 0, 0, 3, 0, 0, 1, 2, 0, 0, 0, 0, 0]
India##1##1&& [1, 0, 0, 0, 0, 0, 4, 0, 2, 3, 0, 0, 0, 1, 0, 0]
Nigeria##1##0&& [1, 0, 0, 0, 0, 0, 0, 1, 0, 4, 2, 0, 0, 0, 0, 0]
Russia##1##0&& [1, 0, 0, 0, 0, 0, 0, 1, 0, 2, 4, 0, 0, 0, 0, 0]
Europe##1##0&& [1, 1, 0, 0, 0, 0, 0, 1, 3, 0, 0, 1, 0, 0, 0, 0]
Asia##1##0&& [1, 0, 0, 0, 0, 0, 3, 0, 1, 2, 4, 0, 0, 0, 0, 0]
US##1##1&& [1, 1, 0, 0, 0, 0, 0, 1, 2, 1, 0, 0, 0, 1, 0, 0]
Europe##1##1&& [1, 0, 0, 0, 0, 0, 0, 1, 3, 0, 0, 0, 0, 0, 0, 0]
Asia##1##0&& [1, 0, 0, 0, 0, 0, 0, 0, 0, 0, 0, 0, 0, 0, 0, 0]
China##1##1&& [1, 1, 0, 0, 0, 1, 0, 0, 3, 2, 3, 0, 0, 1, 0, 0]
Asia##1##0&& [1, 1, 0, 0, 0, 0, 0, 0, 0, 2, 3, 0, 0, 0, 0, 0]
France##1##1&& [1, 1, 0, 0, 0, 1, 0, 1, 4, 2, 4, 1, 0, 0, 0, 0]
Europe##0##1&& [1, 0, 0, 0, 0, 0, 4, 1, 0, 1, 0, 0, 0, 0, 0, 0]
Europe##0##1&& [1, 0, 0, 0, 0, 0, 4, 1, 1, 1, 0, 0, 0, 0, 0, 0]
Turkey##1##0&& [1, 1, 0, 0, 0, 0, 1, 1, 2, 0, 0, 0, 0, 0, 0, 0]
Russia##1##0&& [1, 0, 0, 0, 0, 0, 2, 1, 0, 1, 4, 0, 0, 0, 0, 0]
Renault##0##1&& [1, 0, 0, 0, 0, 1, 0, 1, 4, 2, 2, 0, 0, 0, 0, 0]
Firms##0##1&& [1, 0, 0, 0, 0, 0, 0, 0, 1, 2, 4, 0, 0, 0, 0, 0]
Europe##1##1&& [1, 0, 0, 0, 0, 0, 4, 1, 0, 1, 0, 0, 0, 0, 0, 0]
UK##1##1&& [1, 1, 0, 0, 0, 0, 0, 1, 0, 0, 3, 0, 0, 1, 0, 0]
Europe##1##0&& [1, 0, 0, 0, 0, 0, 1, 1, 2, 0, 0, 0, 0, 0, 0, 0]
US##1##1&& [1, 1, 0, 0, 0, 0, 0, 1, 2, 1, 3, 0, 0, 1, 0, 0]
New York##1##1&& [1, 1, 0, 1, 0, 0, 0, 0, 0, 0, 0, 0, 0, 1, 0, 1]
New York##1##1&& [1, 1, 0, 1, 0, 0, 0, 0, 0, 0, 0, 0, 0, 1, 0, 1]
West Africa##1##1&& [1, 1, 0, 1, 0, 0, 0, 0, 0, 0, 0, 0, 0, 0, 0, 1]
New York##1##1&& [1, 0, 0, 1, 0, 0, 0, 0, 0, 0, 0, 0, 0, 1, 0, 1]
New York##1##1&& [1, 0, 0, 1, 0, 0, 0, 0, 0, 0, 0, 0, 0, 1, 0, 1]
Greater London##1##1&& [1, 1, 0, 0, 0, 0, 0, 0, 0, 0, 0, 0, 0, 0, 0, 1]
Saudi Arabia##1##1&& [1, 1, 0, 0, 0, 0, 0, 0, 0, 0, 0, 0, 0, 0, 0, 1]
Saudi Arabia##1##1&& [1, 0, 0, 0, 0, 0, 0, 0, 0, 0, 0, 0, 0, 0, 0, 1]
Saudi Arabia##1##1&& [1, 0, 0, 0, 0, 0, 0, 0, 0, 0, 0, 0, 0, 0, 0, 1]
South Korea##1##1&& [1, 0, 0, 1, 0, 0, 0, 0, 0, 0, 0, 0, 0, 0, 0, 1]
South Korea##1##1&& [1, 0, 0, 1, 0, 0, 0, 0, 0, 0, 0, 0, 0, 0, 0, 1]
South Korea##1##1&& [1, 0, 0, 1, 0, 0, 0, 0, 0, 0, 0, 0, 0, 0, 0, 1]
Andhra Pradesh##1##1&& [1, 0, 0, 0, 0, 0, 0, 0, 0, 0, 0, 0, 0, 0, 0, 1]
Andhra Pradesh##1##1&& [1, 0, 0, 0, 0, 0, 0, 0, 0, 0, 0, 0, 0, 0, 0, 1]
Sri Lanka##1##1&& [1, 0, 0, 1, 0, 0, 0, 0, 0, 0, 0, 0, 0, 0, 0, 1]
Sri Lanka##1##1&& [1, 0, 0, 1, 0, 0, 0, 0, 0, 0, 0, 0, 0, 0, 0, 1]
Sri Lanka##1##1&& [1, 0, 0, 1, 0, 0, 0, 0, 0, 0, 0, 0, 0, 0, 0, 1]
Sri Lanka##1##1&& [1, 1, 0, 1, 0, 0, 0, 0, 0, 0, 0, 0, 0, 0, 0, 1]
New York##1##1&& [1, 1, 0, 1, 0, 0, 0, 0, 0, 0, 0, 0, 0, 1, 0, 1]
New York##1##1&& [1, 1, 0, 1, 0, 0, 0, 0, 0, 0, 0, 0, 0, 1, 0, 1]
West Midlands##1##1&& [1, 0, 0, 1, 1, 0, 0, 0, 0, 0, 0, 0, 0, 0, 0, 1]
North East##1##1&& [1, 0, 0, 1, 0, 0, 0, 0, 0, 0, 0, 0, 0, 0, 0, 1]
East Midlands##1##1&& [1, 0, 0, 1, 1, 0, 0, 0, 0, 0, 0, 0, 0, 0, 0, 1]
West Midlands##1##1&& [1, 1, 0, 1, 1, 0, 0, 0, 0, 0, 0, 0, 0, 0, 0, 1]
South West##1##1&& [1, 0, 0, 1, 0, 0, 0, 0, 0, 0, 0, 0, 0, 0, 0, 1]
Northern Ireland##1##1&& [1, 0, 0, 0, 1, 0, 0, 0, 0, 0, 0, 0, 0, 0, 0, 1]
Saudi Arabia##1##1&& [1, 1, 0, 0, 0, 0, 0, 0, 0, 0, 0, 0, 0, 0, 0, 1]
Saudi Arabia##1##1&& [1, 1, 0, 0, 0, 0, 0, 0, 0, 0, 0, 0, 0, 0, 0, 1]
Saudi Arabia##1##1&& [1, 1, 0, 0, 0, 0, 0, 0, 0, 0, 0, 0, 0, 0, 0, 1]
Saudi Arabia##1##1&& [1, 0, 0, 0, 0, 0, 0, 0, 0, 0, 0, 0, 0, 0, 0, 1]
United States##1##1&& [1, 1, 0, 1, 0, 0, 0, 0, 0, 0, 0, 0, 0, 0, 0, 1]
Saudi Arabia##1##1&& [1, 0, 0, 0, 0, 0, 0, 0, 0, 0, 0, 0, 0, 0, 0, 1]
New York##1##1&& [1, 1, 0, 1, 0, 0, 0, 0, 0, 0, 0, 0, 0, 1, 0, 1]
Far East##1##1&& [1, 1, 0, 0, 0, 0, 0, 0, 0, 0, 0, 0, 0, 0, 0, 1]
Saudi Arabia##1##1&& [1, 1, 0, 0, 0, 0, 0, 0, 0, 0, 0, 0, 0, 0, 0, 1]
South Africa##1##1&& [1, 1, 0, 1, 0, 0, 0, 0, 0, 0, 0, 0, 0, 0, 0, 1]
South Africa##1##1&& [1, 1, 0, 1, 0, 0, 0, 0, 0, 0, 0, 0, 0, 0, 0, 1]
South Africa##1##1&& [1, 0, 0, 1, 0, 0, 0, 0, 0, 0, 0, 0, 0, 0, 0, 1]
South Africa##1##1&& [1, 0, 0, 1, 0, 0, 0, 0, 0, 0, 0, 0, 0, 0, 0, 1]
South Africa##1##1&& [1, 1, 0, 1, 0, 0, 0, 0, 0, 0, 0, 0, 0, 0, 0, 1]
South Korea##1##1&& [1, 0, 0, 1, 0, 0, 0, 0, 0, 0, 0, 0, 0, 0, 0, 1]
Sri Lanka##1##1&& [1, 0, 0, 1, 0, 0, 0, 0, 0, 0, 0, 0, 0, 0, 0, 1]
Sri Lanka##1##1&& [1, 0, 0, 1, 0, 0, 0, 0, 0, 0, 0, 0, 0, 0, 0, 1]
Sri Lanka##1##1&& [1, 0, 0, 1, 0, 0, 0, 0, 0, 0, 0, 0, 0, 0, 0, 1]
Sri Lanka##1##1&& [1, 0, 0, 1, 0, 0, 0, 0, 0, 0, 0, 0, 0, 0, 0, 1]
South Korea##1##1&& [1, 1, 0, 1, 0, 0, 0, 0, 0, 0, 0, 0, 0, 0, 0, 1]
South Korea##1##1&& [1, 0, 0, 1, 0, 0, 0, 0, 0, 0, 0, 0, 0, 0, 0, 1]
Hong Kong##1##1&& [1, 1, 0, 0, 0, 0, 0, 0, 0, 0, 0, 0, 0, 0, 0, 1]
Hong Kong##1##1&& [1, 0, 0, 0, 0, 0, 0, 0, 0, 0, 0, 0, 0, 0, 0, 1]
South Korea##1##1&& [1, 0, 0, 1, 0, 0, 0, 0, 0, 0, 0, 0, 0, 0, 0, 1]
South Korea##1##1&& [1, 0, 0, 1, 0, 0, 0, 0, 0, 0, 0, 0, 0, 0, 0, 1]
South Korea##1##1&& [1, 0, 0, 1, 0, 0, 0, 0, 0, 0, 0, 0, 0, 0, 0, 1]
Tel Aviv##1##1&& [1, 0, 0, 0, 0, 0, 0, 0, 0, 0, 0, 0, 0, 0, 0, 1]
New York##1##1&& [1, 1, 0, 1, 0, 0, 0, 0, 0, 0, 0, 0, 0, 1, 0, 1]
Mid Wales##1##1&& [1, 1, 0, 0, 0, 0, 0, 0, 0, 0, 0, 0, 0, 0, 0, 1]
New York##1##1&& [1, 1, 0, 1, 0, 0, 0, 0, 0, 0, 0, 0, 0, 1, 0, 1]
North America##1##1&& [1, 1, 0, 1, 0, 0, 0, 0, 0, 0, 0, 0, 0, 0, 0, 1]
Sri Lanka##1##1&& [1, 0, 0, 1, 0, 0, 0, 0, 0, 0, 0, 0, 0, 0, 0, 1]
Sao Paolo##1##1&& [1, 0, 0, 0, 0, 0, 0, 0, 0, 0, 0, 0, 0, 0, 0, 1]
Belo Horizonte##1##1&& [1, 0, 0, 0, 0, 0, 0, 0, 0, 0, 0, 0, 0, 0, 0, 1]
Porto Alegre##1##1&& [1, 0, 0, 0, 0, 0, 0, 0, 0, 0, 0, 0, 0, 0, 0, 1]
New York##1##1&& [1, 1, 0, 1, 0, 0, 0, 0, 0, 0, 0, 0, 0, 1, 0, 1]
New York##1##1&& [1, 1, 0, 1, 0, 0, 0, 0, 0, 0, 0, 0, 0, 1, 0, 1]
Hong Kong##1##1&& [1, 1, 0, 0, 0, 0, 0, 0, 0, 0, 0, 0, 0, 0, 0, 1]
Hong Kong##1##1&& [1, 1, 0, 0, 0, 0, 0, 0, 0, 0, 0, 0, 0, 0, 0, 1]
South Korea##1##1&& [1, 0, 0, 1, 0, 0, 0, 0, 0, 0, 0, 0, 0, 0, 0, 1]
New York##1##1&& [1, 0, 0, 1, 0, 0, 0, 0, 0, 0, 0, 0, 0, 1, 0, 1]
New York##1##1&& [1, 0, 0, 1, 0, 0, 0, 0, 0, 0, 0, 0, 0, 1, 0, 1]
New York##1##1&& [1, 1, 0, 1, 0, 0, 0, 0, 0, 0, 0, 0, 0, 1, 0, 1]
Western Europe##1##1&& [1, 0, 0, 0, 0, 0, 0, 0, 0, 0, 0, 0, 0, 0, 0, 1]
Western Europe##1##1&& [1, 0, 0, 0, 0, 0, 0, 0, 0, 0, 0, 0, 0, 0, 0, 1]
Western Europe##1##1&& [1, 0, 0, 0, 0, 0, 0, 0, 0, 0, 0, 0, 0, 0, 0, 1]
North# Africa##1##1&& [1, 0, 0, 0, 0, 0, 0, 0, 0, 0, 0, 0, 0, 0, 0, 1]
western Europe##1##1&& [0, 0, 0, 0, 0, 0, 0, 0, 0, 0, 0, 0, 0, 0, 0, 1]
United States##1##1&& [1, 1, 0, 1, 0, 0, 0, 0, 0, 0, 0, 0, 0, 0, 0, 1]
Middle East##1##1&& [1, 1, 0, 0, 0, 0, 0, 0, 0, 0, 0, 0, 0, 0, 0, 1]
